 143 153 150 148 156 155 156 153 155 154 151 151 148 152 152 153
 150 155 156 157 156 156 131 151 157 142 125 124 133 154 158 156
 154 157 156 158 157 148  45 103 157  96  72 100  61 125 158 157
 151 159 158 156 161 118  99  68 150  99 110 138  79 117 159 159
 155 166 163 162 162  63  81  53 135 100  73  65  73 160 162 163
 159 163 161 157 145  67 130 116  88 105 130 155  64 142 163 164
 160 165 164 162 126 134 162 164 106 122 147 164 136 126 168 166
 161 166 167 165 165 166 164 166 165 168 165 170 168 174 168 171
 165 170 168 169 168 169 169 171 169 169 168 172 166 174 177 180
 168 172 166 170 167 138 169 172 143 155 173 161 150 181 186 187
 173 173 172 174 147  55 154 173  69 118 176 108  77 182 185 183
 169 172 175 174 152  79 116 146  80 123 183  87 110 138 175 178
 168 175 176 177 155 110 100 115 128 128 147  79  91  93 177 177
 171 177 181 179 159 100 119  81 153 123 100 151 165  87 162 178
 176 185 183 184 173 146 165 139 167 148 132 176 177 152 153 180
 181 183 180 184 179 178 175 179 178 182 180 179 178 181 178 182
 120 127 126 124 124 128 128 124 125 129 127 129 126 125 128 128
 125 130 129 129 128 128 106 123 129 120 105 103 112 130 132 130
 126 131 130 130 130 123  30  81 129  77  58  78  43 102 133 132
 127 132 132 131 131  93  79  49 129  77  90 113  61  92 136 135
 128 133 133 133 134  46  67  32 110  74  54  45  58 132 136 133
 131 133 133 136 119  54 108  93  66  82 104 129  48 118 137 138
 132 135 136 135 105 108 137 137  76  97 120 138 108  98 138 139
 135 138 137 136 137 137 139 138 138 136 138 139 137 139 140 141
 136 138 138 138 139 140 139 139 139 140 140 139 139 141 145 149
 137 140 139 138 133 107 140 140 114 122 140 130 120 151 157 161
 137 141 140 140 119  25 123 140  40  90 145  81  49 154 157 155
 137 141 141 141 123  45  82 118  54  92 151  62  88 116 150 150
 136 142 142 143 127  77  66  88  99  96 118  53  69  65 146 146
 138 144 146 147 131  75  87  52 120  90  70 123 137  58 132 147
 138 147 151 152 142 116 135 107 134 114  98 144 145 119 119 147
 147 150 151 150 149 148 146 145 147 147 147 146 145 146 145 146
 121 130 128 123 125 128 125 126 123 124 127 126 126 124 127 130
 125 132 129 127 129 132 105 127 127 117 106 104 113 127 131 130
 126 130 130 130 133 125  31  82 131  78  60  80  44 101 130 133
 127 132 132 130 132  93  77  48 128  78  90 113  64  91 134 136
 128 134 134 132 130  47  62  32 109  74  58  47  58 131 134 131
 130 136 136 135 119  58 109  94  68  83 104 128  47 119 135 137
 130 134 134 135 104 110 135 134  75  95 122 135 105  99 138 140
 130 133 135 135 133 135 137 135 136 135 136 137 136 137 138 143
 133 134 136 137 135 135 137 139 137 136 135 137 139 142 147 150
 136 138 135 136 130 104 136 139 111 121 137 127 120 151 161 167
 133 136 135 136 118  21 123 138  36  89 146  79  48 156 157 158
 135 136 136 139 121  45  81 112  48  90 151  58  87 115 152 149
 132 139 142 138 125  77  69  86 103  99 119  47  65  64 145 145
 133 141 144 146 135  76  91  49 120  91  68 119 133  55 130 146
 138 145 147 147 143 114 131 106 131 113  96 141 141 114 120 148
 142 147 147 147 146 143 142 143 143 142 140 142 140 140 140 143

 153 156 157 159 163 164 166 171 180 187 183 178 177 178 180 182
 152 158 158 159 162 163 168 168 177 186 185 175 177 162 153 178
 152 154 125 117 160 142 126 174 174 181 182 138  93  87 152 181
 148 133  61  79  73  64 136 168 166 150  77 110  91 165 177 178
 151 124 100 138  65 155 164 170 172 161 108  87  79 151 176 179
 151 125  72 110  73 130 147 165 168 173 176 183 147 100 132 180
 154 142  96  99 100 105 122 168 169 155 118 123 128 123 148 182
 155 157 157 150 135  88 106 165 169 143  69  80 128 153 167 178
 153 151 103  68  53 116 164 166 171 172 173 146 115  81 139 179
 156 131  45  99  81 130 162 164 169 169 154 116 100 119 165 175
 155 156 148 118  63  67 134 166 169 138  55  79 110 100 146 178
 156 156 157 161 162 145 126 165 168 167 147 152 155 159 173 179
 148 157 158 156 162 157 162 165 169 170 174 174 177 179 184 184
 150 156 156 158 163 161 164 167 168 166 172 175 176 181 183 180
 153 155 157 159 166 163 165 166 170 172 173 172 175 177 185 183
 143 150 154 151 155 159 160 161 165 168 173 169 168 171 176 181
 128 130 132 135 133 138 139 141 149 161 155 150 146 147 147 146
 128 132 133 136 136 137 138 140 145 157 157 150 146 132 119 145
 125 130 102  92 132 118  98 139 141 151 154 116  65  58 119 146
 126 112  43  61  58  48 108 137 139 120  49  88  69 137 145 145
 129 103  78 113  45 129 138 139 139 130  81  62  53 123 144 146
 127 105  58  90  54 104 120 138 140 140 145 151 118  70  98 147
 129 120  77  77  74  82  97 136 140 122  90  92  96  90 114 147
 125 129 129 129 110  66  76 138 139 114  40  54  99 120 134 147
 124 123  81  49  32  93 137 138 139 140 140 118  88  52 107 145
 128 106  30  79  67 108 137 139 139 140 123  82  66  87 135 146
 128 128 123  93  46  54 108 137 140 107  25  45  77  75 116 148
 124 128 130 131 134 119 105 137 139 133 119 123 127 131 142 149
 124 129 130 131 133 136 135 136 138 138 140 141 143 147 152 150
 126 129 130 132 133 133 136 137 138 139 140 141 142 146 151 151
 127 130 131 132 133 133 135 138 138 140 141 141 142 144 147 150
 120 125 126 127 128 131 132 135 136 137 137 137 136 138 138 147
 130 130 133 136 131 137 140 143 150 167 158 149 145 146 148 143
 127 131 130 134 134 135 138 138 147 161 157 152 145 130 120 140
 124 127 101  91 131 119  99 137 142 151 156 115  64  55 114 140
 126 113  44  64  58  47 105 136 139 120  48  87  65 133 141 140
 126 104  80 113  47 128 135 137 137 127  79  58  47 119 141 142
 127 106  60  90  58 104 122 136 135 137 146 151 119  68  96 140
 124 117  78  78  74  83  95 135 136 121  89  90  99  91 113 142
 123 127 131 128 109  68  75 136 137 111  36  48 103 120 131 143
 126 127  82  48  32  94 134 135 139 139 138 112  86  49 106 143
 125 105  31  77  62 109 135 137 137 136 123  81  69  91 131 142
 128 132 125  93  47  58 110 135 135 104  21  45  77  76 114 143
 125 129 133 132 130 119 104 133 135 130 118 121 125 135 143 146
 123 127 130 130 132 135 135 135 137 136 136 139 138 146 147 147
 128 129 130 132 134 136 134 135 136 135 135 136 142 144 147 147
 130 132 130 132 134 136 134 133 134 138 136 136 139 141 145 147
 121 125 126 127 128 130 130 130 133 136 133 135 132 133 138 142

 182 178 181 178 179 180 182 178 179 175 178 179 184 180 183 181
 180 153 152 177 176 132 148 167 139 165 146 173 184 183 185 176
 178 162  87 165 151 100 123 153  81 119 100 159 179 181 177 171
 177 177  93  91  79 147 128 128 115 100 110 155 177 176 175 168
 178 175 138 110  87 183 123  80 146 116  79 152 174 175 172 169
 183 185 182  77 108 176 118  69 173 154  55 147 174 172 173 173
 187 186 181 150 161 173 155 143 172 169 138 167 170 166 172 168
 180 177 174 166 172 168 169 169 171 169 169 168 169 168 170 165
 171 168 174 168 170 165 168 165 166 164 166 165 165 167 166 161
 166 168 126 136 164 147 122 106 164 162 134 126 162 164 165 160
 164 163 142  64 155 130 105  88 116 130  67 145 157 161 163 159
 163 162 160  73  65  73 100 135  53  81  63 162 162 163 166 155
 159 159 117  79 138 110  99 150  68  99 118 161 156 158 159 151
 157 158 125  61 100  72  96 157 103  45 148 157 158 156 157 154
 156 158 154 133 124 125 142 157 151 131 156 156 157 156 155 150
 153 152 152 148 151 151 154 155 153 156 155 156 148 150 153 143
 146 145 146 145 146 147 147 147 145 146 148 149 150 151 150 147
 147 119 119 145 144  98 114 134 107 135 116 142 152 151 147 138
 147 132  58 137 123  70  90 120  52  87  75 131 147 146 144 138
 146 146  65  69  53 118  96  99  88  66  77 127 143 142 142 136
 150 150 116  88  62 151  92  54 118  82  45 123 141 141 141 137
 155 157 154  49  81 145  90  40 140 123  25 119 140 140 141 137
 161 157 151 120 130 140 122 114 140 140 107 133 138 139 140 137
 149 145 141 139 139 140 140 139 139 139 140 139 138 138 138 136
 141 140 139 137 139 138 136 138 138 139 137 137 136 137 138 135
 139 138  98 108 138 120  97  76 137 137 108 105 135 136 135 132
 138 137 118  48 129 104  82  66  93 108  54 119 136 133 133 131
 133 136 132  58  45  54  74 110  32  67  46 134 133 133 133 128
 135 136  92  61 113  90  77 129  49  79  93 131 131 132 132 127
 132 133 102  43  78  58  77 129  81  30 123 130 130 130 131 126
 130 132 130 112 103 105 120 129 123 106 128 128 129 129 130 125
 128 128 125 126 129 127 129 125 124 128 128 124 124 126 127 120
 143 140 140 140 142 140 142 143 143 142 143 146 147 147 147 142
 148 120 114 141 141  96 113 131 106 131 114 143 147 147 145 138
 146 130  55 133 119  68  91 120  49  91  76 135 146 144 141 133
 145 145  64  65  47 119  99 103  86  69  77 125 138 142 139 132
 149 152 115  87  58 151  90  48 112  81  45 121 139 136 136 135
 158 157 156  48  79 146  89  36 138 123  21 118 136 135 136 133
 167 161 151 120 127 137 121 111 139 136 104 130 136 135 138 136
 150 147 142 139 137 135 136 137 139 137 135 135 137 136 134 133
 143 138 137 136 137 136 135 136 135 137 135 133 135 135 133 130
 140 138  99 105 135 122  95  75 134 135 110 104 135 134 134 130
 137 135 119  47 128 104  83  68  94 109  58 119 135 136 136 130
 131 134 131  58  47  58  74 109  32  62  47 130 132 134 134 128
 136 134  91  64 113  90  78 128  48  77  93 132 130 132 132 127
 133 130 101  44  80  60  78 131  82  31 125 133 130 130 130 126
 130 131 127 113 104 106 117 127 127 105 132 129 127 129 132 125
 130 127 124 126 126 127 124 123 126 125 128 125 123 128 130 121

 181 176 171 168 169 173 168 165 161 160 159 155 151 154 150 143
 183 185 177 175 172 173 172 170 166 165 163 166 159 157 155 153
 180 183 181 176 175 172 166 168 167 164 161 163 158 156 156 150
 184 184 179 177 174 174 170 169 165 162 157 162 156 158 157 148
 179 173 159 155 152 147 167 168 165 126 145 162 161 157 156 156
 178 146 100 110  79  55 138 169 166 134  67  63 118 148 156 155
 175 165 119 100 116 154 169 169 164 162 130  81  99  45 131 156
 179 139  81 115 146 173 172 171 166 164 116  53  68 103 151 153
 178 167 153 128  80  69 143 169 165 106  88 135 150 157 157 155
 182 148 123 128 123 118 155 169 168 122 105 100  99  96 142 154
 180 132 100 147 183 176 173 168 165 147 130  73 110  72 125 151
 179 176 151  79  87 108 161 172 170 164 155  65 138 100 124 151
 178 177 165  91 110  77 150 166 168 136  64  73  79  61 133 148
 181 152  87  93 138 182 181 174 174 126 142 160 117 125 154 152
 178 153 162 177 175 185 186 177 168 168 163 162 159 158 158 152
 182 180 178 177 178 183 187 180 171 166 164 163 159 157 156 153
 147 138 138 136 137 137 137 136 135 132 131 128 127 126 125 120
 150 147 144 142 141 141 140 138 138 135 133 133 132 131 130 127
 151 151 146 142 141 140 139 138 137 136 133 133 132 130 129 126
 150 152 147 143 141 140 138 138 136 135 136 133 131 130 129 124
 149 142 131 127 123 119 133 139 137 105 119 134 131 130 128 124
 148 116  75  77  45  25 107 140 137 108  54  46  93 123 128 128
 146 135  87  66  82 123 140 139 139 137 108  67  79  30 106 128
 145 107  52  88 118 140 140 139 138 137  93  32  49  81 123 124
 147 134 120  99  54  40 114 139 138  76  66 110 129 129 129 125
 147 114  90  96  92  90 122 140 136  97  82  74  77  77 120 129
 147  98  70 118 151 145 140 140 138 120 104  54  90  58 105 127
 146 144 123  53  62  81 130 139 139 138 129  45 113  78 103 129
 145 145 137  69  88  49 120 139 137 108  48  58  61  43 112 126
 146 119  58  65 116 154 151 141 139  98 118 132  92 102 130 125
 145 119 132 146 150 157 157 145 140 138 137 136 136 133 132 128
 146 147 147 146 150 155 161 149 141 139 138 133 135 132 130 128
 142 138 133 132 135 133 136 133 130 130 130 128 127 126 125 121
 147 145 141 139 136 136 138 134 133 134 136 134 132 130 132 130
 147 147 144 142 136 135 135 136 135 134 136 134 132 130 129 128
 147 147 146 138 139 136 136 137 135 135 135 132 130 130 127 123
 146 143 135 125 121 118 130 135 133 104 119 130 132 133 129 125
 143 114  76  77  45  21 104 135 135 110  58  47  93 125 132 128
 142 131  91  69  81 123 136 137 137 135 109  62  77  31 105 125
 143 106  49  86 112 138 139 139 135 134  94  32  48  82 127 126
 143 131 120 103  48  36 111 137 136  75  68 109 128 131 127 123
 142 113  91  99  90  89 121 136 135  95  83  74  78  78 117 124
 140  96  68 119 151 146 137 135 136 122 104  58  90  60 106 127
 142 141 119  47  58  79 127 137 137 135 128  47 113  80 104 126
 140 141 133  65  87  48 120 139 136 105  47  58  64  44 113 126
 140 114  55  64 115 156 151 142 137  99 119 131  91 101 127 124
 140 120 130 145 152 157 161 147 138 138 135 134 134 130 131 127
 143 148 146 145 149 158 167 150 143 140 137 131 136 133 130 130

