 223 226 233 231 229 231 232 233 239 239 235 238 239 244 250 248
 229 228 227 235 232 222 193 193 239 206 216 246 214 207 248 248
 231 233 227 234 226  91 145 110 154 165 175 244 181 156 248 246
 232 235 233 234 168 152 229 231 197 154 121 162 117 147 244 248
 238 233 233 234 146 178 241 238 224 156 137 189 143 146 245 246
 236 233 232 237 198 115 229 187 104 156 179 243 174 157 249 243
 236 233 234 239 239 172 107 129 227 192 196 241 203 196 246 245
 228 231 235 236 238 241 233 237 240 240 244 242 242 241 241 248
 232 229 235 239 236 232 236 242 242 241 243 241 241 238 236 242
 237 230 232 232 233 225 199 227 239 241 225 198 214 240 248 244
 231 232 231 236 188  97 143  94 209 216  99 159 114 161 246 246
 232 235 236 235 112 224 240 210 116 131 214 241 238 104 246 240
 231 232 233 245  88 241 233 230 106 108 226 244 248  89 241 239
 233 239 232 238 114 180 234 142 147 149 171 242 198 119 240 232
 239 240 237 235 221 137 102 129 231 230 134 108 133 209 238 224
 238 236 237 237 231 236 234 228 235 236 231 230 238 235 235 226
 235 241 242 243 243 247 249 251 254 253 254 254 255 255 255 254
 243 246 246 247 248 237 205 209 251 225 231 255 227 216 255 253
 241 245 246 246 237  96 147 116 153 169 179 254 192 167 255 254
 241 245 246 247 182 163 248 251 219 173 132 171 128 159 255 255
 240 244 245 247 152 187 250 247 233 173 145 195 153 166 254 254
 240 242 244 245 206 113 236 196 111 157 182 254 189 168 254 253
 238 239 240 247 244 177 111 133 233 203 208 252 216 202 254 253
 237 241 242 245 246 250 248 249 248 251 252 253 252 252 253 254
 237 240 241 242 244 245 249 248 250 250 251 254 253 253 252 252
 239 238 240 240 242 234 209 234 248 248 237 201 223 252 254 250
 235 237 237 239 190  98 145  88 203 217  95 160 109 172 254 249
 233 235 237 239 105 225 241 211 107 124 215 251 244 103 251 245
 233 236 237 238  83 240 243 232  97  98 230 250 249  96 250 241
 232 235 237 238 112 180 237 144 146 148 170 245 201 118 250 239
 231 234 237 240 220 136  95 128 234 232 138 103 134 226 250 230
 231 234 237 237 236 237 240 241 241 242 245 245 245 243 248 230
 243 248 251 251 252 253 255 255 255 255 255 255 255 255 255 254
 250 255 255 255 255 246 214 217 255 230 235 255 231 223 255 255
 249 254 254 255 245 111 158 128 169 178 188 255 199 177 255 255
 248 250 253 254 187 169 255 254 226 179 140 183 140 169 255 255
 251 250 252 254 162 195 255 254 239 182 156 202 161 174 255 255
 247 248 251 253 216 123 241 203 127 166 189 255 197 179 255 255
 247 249 248 254 251 183 119 144 241 210 215 255 221 207 255 255
 243 248 246 249 253 255 254 255 255 255 254 255 255 255 255 255
 245 245 245 247 252 252 254 254 255 255 255 255 255 255 255 253
 241 242 245 245 246 237 215 240 255 255 242 206 225 254 255 252
 239 241 246 245 193  98 152  90 212 227 104 168 114 175 255 251
 239 244 243 243 109 234 253 216 121 138 220 254 247 111 252 248
 236 240 241 243  87 245 250 235 105 106 236 254 253 107 252 245
 233 238 241 245 119 181 239 146 150 157 174 254 210 130 255 243
 232 236 239 240 221 137 100 133 236 237 140 110 142 231 255 235
 231 235 237 237 236 237 239 240 247 248 248 247 250 250 252 234

 248 248 246 248 246 243 245 248 242 244 246 240 239 232 224 226
 250 248 248 244 245 249 246 241 236 248 246 246 241 240 238 235
 244 207 156 147 146 157 196 241 238 240 161 104  89 119 209 235
 239 214 181 117 143 174 203 242 241 214 114 238 248 198 133 238
 238 246 244 162 189 243 241 242 241 198 159 241 244 242 108 230
 235 216 175 121 137 179 196 244 243 225  99 214 226 171 134 231
 239 206 165 154 156 156 192 240 241 241 216 131 108 149 230 236
 239 239 154 197 224 104 227 240 242 239 209 116 106 147 231 235
 233 193 110 231 238 187 129 237 242 227  94 210 230 142 129 228
 232 193 145 229 241 229 107 233 236 199 143 240 233 234 102 234
 231 222  91 152 178 115 172 241 232 225  97 224 241 180 137 236
 229 232 226 168 146 198 239 238 236 233 188 112  88 114 221 231
 231 235 234 234 234 237 239 236 239 232 236 235 245 238 235 237
 233 227 227 233 233 232 234 235 235 232 231 236 233 232 237 237
 226 228 233 235 233 233 233 231 229 230 232 235 232 239 240 236
 223 229 231 232 238 236 236 228 232 237 231 232 231 233 239 238
 254 253 254 255 254 253 253 254 252 250 249 245 241 239 230 230
 255 255 255 255 254 254 254 253 252 254 254 251 250 250 250 248
 255 216 167 159 166 168 202 252 253 252 172 103  96 118 226 243
 255 227 192 128 153 189 216 252 253 223 109 244 249 201 134 245
 254 255 254 171 195 254 252 253 254 201 160 251 250 245 103 245
 254 231 179 132 145 182 208 252 251 237  95 215 230 170 138 245
 253 225 169 173 173 157 203 251 250 248 217 124  98 148 232 242
 254 251 153 219 233 111 233 248 250 248 203 107  97 146 234 241
 251 209 116 251 247 196 133 249 248 234  88 211 232 144 128 241
 249 205 147 248 250 236 111 248 249 209 145 241 243 237  95 240
 247 237  96 163 187 113 177 250 245 234  98 225 240 180 136 237
 243 248 237 182 152 206 244 246 244 242 190 105  83 112 220 236
 243 247 246 247 247 245 247 245 242 240 239 239 238 238 240 237
 242 246 246 246 245 244 240 242 241 240 237 237 237 237 237 237
 241 246 245 245 244 242 239 241 240 238 237 235 236 235 234 234
 235 243 241 241 240 240 238 237 237 239 235 233 233 232 231 231
 254 255 255 255 255 255 255 255 253 252 251 248 245 243 235 234
 255 255 255 255 255 255 255 255 255 255 255 252 252 255 255 252
 255 223 177 169 174 179 207 255 255 254 175 111 107 130 231 250
 255 231 199 140 161 197 221 255 255 225 114 247 253 210 142 250
 255 255 255 183 202 255 255 255 255 206 168 254 254 254 110 247
 255 235 188 140 156 189 215 254 255 242 104 220 236 174 140 248
 255 230 178 179 182 166 210 255 255 255 227 138 106 157 237 248
 255 255 169 226 239 127 241 255 255 255 212 121 105 150 236 247
 255 217 128 254 254 203 144 255 254 240  90 216 235 146 133 240
 255 214 158 255 255 241 119 254 254 215 152 253 250 239 100 239
 253 246 111 169 195 123 183 255 252 237  98 234 245 181 137 237
 252 255 245 187 162 216 251 253 252 246 193 109  87 119 221 236
 251 255 255 254 254 253 254 249 247 245 245 243 243 245 240 237
 251 255 254 253 252 251 248 246 245 245 246 243 241 241 239 237
 248 255 254 250 250 248 249 248 245 242 241 244 240 238 236 235
 243 250 249 248 251 247 247 243 245 241 239 239 236 233 232 231

 226 235 235 238 230 231 236 235 228 234 236 231 237 237 236 238
 224 238 209 133 108 134 230 231 129 102 137 221 235 237 240 239
 232 240 119 198 242 171 149 147 142 234 180 114 238 232 239 233
 239 241  89 248 244 226 108 106 230 233 241  88 245 233 232 231
 240 246 104 238 241 214 131 116 210 240 224 112 235 236 235 232
 246 246 161 114 159  99 216 209  94 143  97 188 236 231 232 231
 244 248 240 214 198 225 241 239 227 199 225 233 232 232 230 237
 242 236 238 241 241 243 241 242 242 236 232 236 239 235 229 232
 248 241 241 242 242 244 240 240 237 233 241 238 236 235 231 228
 245 246 196 203 241 196 192 227 129 107 172 239 239 234 233 236
 243 249 157 174 243 179 156 104 187 229 115 198 237 232 233 236
 246 245 146 143 189 137 156 224 238 241 178 146 234 233 233 238
 248 244 147 117 162 121 154 197 231 229 152 168 234 233 235 232
 246 248 156 181 244 175 165 154 110 145  91 226 234 227 233 231
 248 248 207 214 246 216 206 239 193 193 222 232 235 227 228 229
 248 250 244 239 238 235 239 239 233 232 231 229 231 233 226 223
 230 248 243 245 245 245 242 241 241 240 237 236 237 237 234 231
 230 250 226 134 103 138 232 234 128  95 136 220 240 237 234 231
 239 250 118 201 245 170 148 146 144 237 180 112 238 237 235 232
 241 250  96 249 250 230  98  97 232 243 240  83 238 237 236 233
 245 251 103 244 251 215 124 107 211 241 225 105 239 237 235 233
 249 254 172 109 160  95 217 203  88 145  98 190 239 237 237 235
 250 254 252 223 201 237 248 248 234 209 234 242 240 240 238 239
 252 252 253 253 254 251 250 250 248 249 245 244 242 241 240 237
 254 253 252 252 253 252 251 248 249 248 250 246 245 242 241 237
 253 254 202 216 252 208 203 233 133 111 177 244 247 240 239 238
 253 254 168 189 254 182 157 111 196 236 113 206 245 244 242 240
 254 254 166 153 195 145 173 233 247 250 187 152 247 245 244 240
 255 255 159 128 171 132 173 219 251 248 163 182 247 246 245 241
 254 255 167 192 254 179 169 153 116 147  96 237 246 246 245 241
 253 255 216 227 255 231 225 251 209 205 237 248 247 246 246 243
 254 255 255 255 254 254 253 254 251 249 247 243 243 242 241 235
 234 252 250 250 247 248 248 247 240 239 237 236 237 237 235 231
 235 255 231 142 110 140 237 236 133 100 137 221 240 239 236 232
 243 255 130 210 254 174 157 150 146 239 181 119 245 241 238 233
 245 252 107 253 254 236 106 105 235 250 245  87 243 241 240 236
 248 252 111 247 254 220 138 121 216 253 234 109 243 243 244 239
 251 255 175 114 168 104 227 212  90 152  98 193 245 246 241 239
 252 255 254 225 206 242 255 255 240 215 237 246 245 245 242 241
 253 255 255 255 255 255 255 255 254 254 252 252 247 245 245 245
 255 255 255 255 255 254 255 255 255 254 255 253 249 246 248 243
 255 255 207 221 255 215 210 241 144 119 183 251 254 248 249 247
 255 255 179 197 255 189 166 127 203 241 123 216 253 251 248 247
 255 255 174 161 202 156 182 239 254 255 195 162 254 252 250 251
 255 255 169 140 183 140 179 226 254 255 169 187 254 253 250 248
 255 255 177 199 255 188 178 169 128 158 111 245 255 254 254 249
 255 255 223 231 255 235 230 255 217 214 246 255 255 255 255 250
 254 255 255 255 255 255 255 255 255 255 253 252 251 251 248 243

 238 239 233 231 232 231 237 232 228 236 236 238 232 231 229 223
 236 240 239 232 235 232 230 229 231 233 233 233 235 233 228 226
 237 237 232 233 236 231 232 235 235 234 232 233 233 227 227 233
 237 235 238 245 235 236 232 239 236 239 237 234 234 234 235 231
 231 221 114  88 112 188 233 236 238 239 198 146 168 226 232 229
 236 137 180 241 224  97 225 232 241 172 115 178 152  91 222 231
 234 102 234 233 240 143 199 236 233 107 229 241 229 145 193 232
 228 129 142 230 210  94 227 242 237 129 187 238 231 110 193 233
 235 231 147 106 116 209 239 242 240 227 104 224 197 154 239 239
 236 230 149 108 131 216 241 241 240 192 156 156 154 165 206 239
 231 134 171 226 214  99 225 243 244 196 179 137 121 175 216 235
 230 108 242 244 241 159 198 241 242 241 243 189 162 244 246 238
 238 133 198 248 238 114 214 241 242 203 174 143 117 181 214 239
 235 209 119  89 104 161 240 238 241 196 157 146 147 156 207 244
 235 238 240 241 246 246 248 236 241 246 249 245 244 248 248 250
 226 224 232 239 240 246 244 242 248 245 243 246 248 246 248 248
 231 231 232 233 233 235 239 237 237 238 240 240 241 241 243 235
 234 234 235 236 235 237 238 240 241 239 242 244 245 245 246 241
 237 237 237 237 237 237 240 241 242 240 244 245 246 246 246 242
 237 240 238 238 239 239 240 242 245 247 245 247 247 246 247 243
 236 220 112  83 105 190 242 244 246 244 206 152 182 237 248 243
 237 136 180 240 225  98 234 245 250 177 113 187 163  96 237 247
 240  95 237 243 241 145 209 249 248 111 236 250 248 147 205 249
 241 128 144 232 211  88 234 248 249 133 196 247 251 116 209 251
 241 234 146  97 107 203 248 250 248 233 111 233 219 153 251 254
 242 232 148  98 124 217 248 250 251 203 157 173 173 169 225 253
 245 138 170 230 215  95 237 251 252 208 182 145 132 179 231 254
 245 103 245 250 251 160 201 254 253 252 254 195 171 254 255 254
 245 134 201 249 244 109 223 253 252 216 189 153 128 192 227 255
 243 226 118  96 103 172 252 253 252 202 168 166 159 167 216 255
 248 250 250 250 251 254 254 252 253 254 254 254 255 255 255 255
 230 230 239 241 245 249 250 252 254 253 253 254 255 254 253 254
 231 232 233 236 239 239 241 245 243 247 247 251 248 249 250 243
 235 236 238 240 244 241 242 245 248 249 248 250 250 254 255 248
 237 239 241 241 243 246 245 245 246 248 251 252 253 254 255 251
 237 240 245 243 243 245 245 247 249 254 253 254 254 255 255 251
 236 221 119  87 109 193 246 252 253 251 216 162 187 245 255 252
 237 137 181 245 234  98 237 252 255 183 123 195 169 111 246 253
 239 100 239 250 253 152 215 254 254 119 241 255 255 158 214 255
 240 133 146 235 216  90 240 254 255 144 203 254 254 128 217 255
 247 236 150 105 121 212 255 255 255 241 127 239 226 169 255 255
 248 237 157 106 138 227 255 255 255 210 166 182 179 178 230 255
 248 140 174 236 220 104 242 255 254 215 189 156 140 188 235 255
 247 110 254 254 254 168 206 255 255 255 255 202 183 255 255 255
 250 142 210 253 247 114 225 255 255 221 197 161 140 199 231 255
 250 231 130 107 111 175 254 255 255 207 179 174 169 177 223 255
 252 255 255 252 252 255 255 255 255 255 255 255 255 255 255 255
 234 235 243 245 248 251 252 253 255 255 255 255 255 255 255 254

