 221 218 223 227 220 221 223 230 216 223 230 232 228 230 228 236
 218 220 219 222 221 219 197 215 196 222 230 203 224 226 229 233
 221 221 220 222 219 224 127 184 102 144 223 119 207 229 234 239
 227 228 226 222 227 226 135 187 110 116 195 129 205 228 229 234
 221 220 226 225 224 225 131 189 107 211  93 116 211 232 227 233
 222 219 223 226 224 220 137 187 112 231 159  65 212 225 230 242
 224 221 217 222 216 228 172 203 141 226 227 136 218 231 231 238
 228 226 220 222 225 226 225 227 233 227 229 229 232 234 236 228
 228 218 220 221 227 225 226 225 227 231 234 232 230 231 233 231
 228 224 230 232 227 173 178 182 204 235 211 180 214 233 235 232
 220 220 226 222 217  92 161 162 195 187 107 162 101 169 232 225
 223 226 229 227 225  99 166 166 210 108 215 235 221  98 233 234
 227 226 223 228 219 102 174 171 218 100 223 226 227  99 231 232
 227 231 226 226 222 112 205 211 221 152 137 206 138 142 227 228
 227 230 228 234 227 129 129 128 178 233 165 127 161 228 229 228
 226 224 226 223 224 225 231 223 223 226 223 228 229 234 234 225
 218 224 226 227 224 227 229 230 230 233 233 235 233 235 235 237
 223 223 225 226 227 228 205 224 201 223 232 208 233 235 236 236
 224 226 228 228 228 226 131 189  99 138 234 118 211 233 235 238
 226 225 227 227 225 226 131 185 103 102 198 122 214 234 236 236
 221 224 226 226 226 227 129 186 102 203  90 112 209 234 237 241
 222 224 224 226 227 227 142 189 109 232 160  56 213 236 237 238
 221 224 226 227 226 226 166 202 145 229 231 135 220 234 235 239
 221 225 225 228 228 227 229 233 233 232 233 234 235 235 236 237
 222 224 227 228 227 228 229 231 230 230 233 234 236 236 236 236
 222 222 226 228 224 174 177 177 202 229 208 178 215 236 236 236
 222 222 226 227 218  93 160 164 196 182 104 160  94 167 233 234
 223 223 227 228 222  89 166 167 211 103 210 232 221  94 234 234
 216 223 226 228 219  94 172 172 213  92 224 234 231  89 233 234
 219 224 227 227 219 114 206 208 217 148 131 205 136 138 232 231
 222 226 225 226 219 126 122 122 169 228 165 128 169 229 234 234
 220 224 225 224 225 228 228 226 228 229 229 228 230 233 231 230
 228 238 241 239 234 242 243 240 239 246 249 249 250 249 245 248
 231 236 239 241 239 243 218 235 211 236 248 224 248 252 250 249
 232 235 237 240 240 242 140 201 111 146 248 135 226 252 251 252
 238 234 238 238 240 241 143 197 114 117 209 137 227 252 251 252
 231 233 239 239 237 242 138 200 113 217 104 122 221 248 250 254
 232 237 238 241 241 239 148 196 121 244 171  65 223 249 252 253
 228 233 236 240 239 239 177 216 155 243 244 143 228 249 252 254
 232 236 237 238 238 239 243 247 245 243 245 244 247 251 249 248
 232 234 238 238 241 241 241 243 242 242 246 245 249 249 252 251
 227 230 236 239 238 184 183 186 214 243 219 191 224 249 253 253
 230 230 236 238 226  98 169 174 207 192 116 171  95 175 249 248
 229 233 237 240 232  93 169 170 221 115 219 243 234 104 247 250
 224 231 231 237 226 103 176 175 224  98 229 243 240 103 247 244
 226 232 232 237 229 123 213 215 228 161 135 214 139 144 246 243
 226 235 236 234 227 130 128 131 181 240 172 133 180 240 244 242
 225 231 232 235 232 234 236 234 238 238 237 236 238 243 239 233

 236 233 239 234 233 242 238 228 231 232 225 234 232 228 228 225
 228 229 234 229 227 230 231 236 233 235 232 233 231 227 229 234
 230 226 229 228 232 225 231 234 231 233 169  98  99 142 228 234
 228 224 207 205 211 212 218 232 230 214 101 221 227 138 161 229
 232 203 119 129 116  65 136 229 232 180 162 235 226 206 127 228
 230 230 223 195  93 159 227 229 234 211 107 215 223 137 165 223
 223 222 144 116 211 231 226 227 231 235 187 108 100 152 233 226
 216 196 102 110 107 112 141 233 227 204 195 210 218 221 178 223
 230 215 184 187 189 187 203 227 225 182 162 166 171 211 128 223
 223 197 127 135 131 137 172 225 226 178 161 166 174 205 129 231
 221 219 224 226 225 220 228 226 225 173  92  99 102 112 129 225
 220 221 219 227 224 224 216 225 227 227 217 225 219 222 227 224
 227 222 222 222 225 226 222 222 221 232 222 227 228 226 234 223
 223 219 220 226 226 223 217 220 220 230 226 229 223 226 228 226
 218 220 221 228 220 219 221 226 218 224 220 226 226 231 230 224
 221 218 221 227 221 222 224 228 228 228 220 223 227 227 227 226
 237 236 238 236 241 238 239 237 236 236 234 234 234 231 234 230
 235 236 235 236 237 237 235 236 236 236 233 234 233 232 234 231
 235 235 233 234 234 236 234 235 236 236 167  94  89 138 229 233
 233 233 211 214 209 213 220 235 236 215  94 221 231 136 169 230
 235 208 118 122 112  56 135 234 234 178 160 232 234 205 128 228
 233 232 234 198  90 160 231 233 233 208 104 210 224 131 165 229
 233 223 138 102 203 232 229 232 230 229 182 103  92 148 228 229
 230 201  99 103 102 109 145 233 230 202 196 211 213 217 169 228
 230 224 189 185 186 189 202 233 231 177 164 167 172 208 122 226
 229 205 131 131 129 142 166 229 229 177 160 166 172 206 122 228
 227 228 226 226 227 227 226 227 228 174  93  89  94 114 126 228
 224 227 228 225 226 227 226 228 227 224 218 222 219 219 219 225
 227 226 228 227 226 226 227 228 228 228 227 228 228 227 226 224
 226 225 228 227 226 224 226 225 227 226 226 227 226 227 225 225
 224 223 226 225 224 224 224 225 224 222 222 223 223 224 226 224
 218 223 224 226 221 222 221 221 222 222 222 223 216 219 222 220
 248 249 252 252 254 253 254 248 251 253 248 250 244 243 242 233
 245 250 251 251 250 252 252 249 252 253 249 247 247 246 244 239
 249 252 252 252 248 249 249 251 249 249 175 104 103 144 240 243
 250 248 226 227 221 223 228 247 249 224  95 234 240 139 180 238
 249 224 135 137 122  65 143 244 245 191 171 243 243 214 133 236
 249 248 248 209 104 171 244 245 246 219 116 219 229 135 172 237
 246 236 146 117 217 244 243 243 242 243 192 115  98 161 240 238
 239 211 111 114 113 121 155 245 242 214 207 221 224 228 181 238
 240 235 201 197 200 196 216 247 243 186 174 170 175 215 131 234
 243 218 140 143 138 148 177 243 241 183 169 169 176 213 128 236
 242 243 242 241 242 239 239 239 241 184  98  93 103 123 130 234
 234 239 240 240 237 241 239 238 241 238 226 232 226 229 227 232
 239 241 240 238 239 241 240 238 238 239 238 240 237 237 234 235
 241 239 237 238 239 238 236 237 238 236 236 237 231 232 236 232
 238 236 235 234 233 237 233 236 234 230 230 233 231 232 235 231
 228 231 232 238 231 232 228 232 232 227 230 229 224 226 226 225

 225 234 234 229 228 223 226 223 223 231 225 224 223 226 224 226
 228 229 228 161 127 165 233 178 128 129 129 227 234 228 230 227
 228 227 142 138 206 137 152 221 211 205 112 222 226 226 231 227
 232 231  99 227 226 223 100 218 171 174 102 219 228 223 226 227
 234 233  98 221 235 215 108 210 166 166  99 225 227 229 226 223
 225 232 169 101 162 107 187 195 162 161  92 217 222 226 220 220
 232 235 233 214 180 211 235 204 182 178 173 227 232 230 224 228
 231 233 231 230 232 234 231 227 225 226 225 227 221 220 218 228
 228 236 234 232 229 229 227 233 227 225 226 225 222 220 226 228
 238 231 231 218 136 227 226 141 203 172 228 216 222 217 221 224
 242 230 225 212  65 159 231 112 187 137 220 224 226 223 219 222
 233 227 232 211 116  93 211 107 189 131 225 224 225 226 220 221
 234 229 228 205 129 195 116 110 187 135 226 227 222 226 228 227
 239 234 229 207 119 223 144 102 184 127 224 219 222 220 221 221
 233 229 226 224 203 230 222 196 215 197 219 221 222 219 220 218
 236 228 230 228 232 230 223 216 230 223 221 220 227 223 218 221
 230 231 233 230 228 229 229 228 226 228 228 225 224 225 224 220
 234 234 229 169 128 165 228 169 122 122 126 219 226 225 226 222
 231 232 138 136 205 131 148 217 208 206 114 219 227 227 224 219
 234 233  89 231 234 224  92 213 172 172  94 219 228 226 223 216
 234 234  94 221 232 210 103 211 167 166  89 222 228 227 223 223
 234 233 167  94 160 104 182 196 164 160  93 218 227 226 222 222
 236 236 236 215 178 208 229 202 177 177 174 224 228 226 222 222
 236 236 236 236 234 233 230 230 231 229 228 227 228 227 224 222
 237 236 235 235 234 233 232 233 233 229 227 228 228 225 225 221
 239 235 234 220 135 231 229 145 202 166 226 226 227 226 224 221
 238 237 236 213  56 160 232 109 189 142 227 227 226 224 224 222
 241 237 234 209 112  90 203 102 186 129 227 226 226 226 224 221
 236 236 234 214 122 198 102 103 185 131 226 225 227 227 225 226
 238 235 233 211 118 234 138  99 189 131 226 228 228 228 226 224
 236 236 235 233 208 232 223 201 224 205 228 227 226 225 223 223
 237 235 235 233 235 233 233 230 230 229 227 224 227 226 224 218
 233 239 243 238 236 237 238 238 234 236 234 232 235 232 231 225
 242 244 240 180 133 172 240 181 131 128 130 227 234 236 235 226
 243 246 144 139 214 135 161 228 215 213 123 229 237 232 232 226
 244 247 103 240 243 229  98 224 175 176 103 226 237 231 231 224
 250 247 104 234 243 219 115 221 170 169  93 232 240 237 233 229
 248 249 175  95 171 116 192 207 174 169  98 226 238 236 230 230
 253 253 249 224 191 219 243 214 186 183 184 238 239 236 230 227
 251 252 249 249 245 246 242 242 243 241 241 241 238 238 234 232
 248 249 251 247 244 245 243 245 247 243 239 238 238 237 236 232
 254 252 249 228 143 244 243 155 216 177 239 239 240 236 233 228
 253 252 249 223  65 171 244 121 196 148 239 241 241 238 237 232
 254 250 248 221 122 104 217 113 200 138 242 237 239 239 233 231
 252 251 252 227 137 209 117 114 197 143 241 240 238 238 234 238
 252 251 252 226 135 248 146 111 201 140 242 240 240 237 235 232
 249 250 252 248 224 248 236 211 235 218 243 239 241 239 236 231
 248 245 249 250 249 249 246 239 240 243 242 234 239 241 238 228

 226 227 227 227 223 220 228 228 228 224 222 221 227 221 218 221
 224 230 231 226 226 220 224 218 226 221 219 220 228 221 220 218
 226 228 226 223 229 226 230 220 220 217 223 226 226 220 219 223
 223 234 226 228 227 222 232 221 222 222 226 225 222 222 222 227
 224 227 222 219 225 217 227 227 225 216 224 224 227 219 221 220
 225 129 112 102  99  92 173 225 226 228 220 225 226 224 219 221
 231 129 205 174 166 161 178 226 225 172 137 131 135 127 197 223
 223 128 211 171 166 162 182 225 227 203 187 189 187 184 215 230
 223 178 221 218 210 195 204 227 233 141 112 107 110 102 196 216
 226 233 152 100 108 187 235 231 227 226 231 211 116 144 222 223
 223 165 137 223 215 107 211 234 229 227 159  93 195 223 230 230
 228 127 206 226 235 162 180 232 229 136  65 116 129 119 203 232
 229 161 138 227 221 101 214 230 232 218 212 211 205 207 224 228
 234 228 142  99  98 169 233 231 234 231 225 232 228 229 226 230
 234 229 227 231 233 232 235 233 236 231 230 227 229 234 229 228
 225 228 228 232 234 225 232 231 228 238 242 233 234 239 233 236
 220 222 219 216 223 222 222 222 221 221 222 221 226 224 223 218
 224 226 224 223 223 222 222 224 225 224 224 224 225 226 223 224
 225 225 227 226 227 226 226 227 225 226 224 226 227 228 225 226
 224 226 227 228 228 227 228 228 228 227 226 226 227 228 226 227
 225 219 219 219 222 218 224 227 228 226 227 226 225 228 227 224
 228 126 114  94  89  93 174 228 227 226 227 227 226 226 228 227
 228 122 206 172 166 160 177 229 229 166 142 129 131 131 205 229
 226 122 208 172 167 164 177 231 233 202 189 186 185 189 224 230
 228 169 217 213 211 196 202 230 233 145 109 102 103  99 201 230
 229 228 148  92 103 182 229 230 232 229 232 203 102 138 223 233
 229 165 131 224 210 104 208 233 233 231 160  90 198 234 232 233
 228 128 205 234 232 160 178 234 234 135  56 112 122 118 208 235
 230 169 136 231 221  94 215 236 235 220 213 209 214 211 233 233
 233 229 138  89  94 167 236 236 235 234 236 234 234 233 235 235
 231 234 232 233 234 233 236 236 236 235 237 237 236 235 236 235
 230 234 231 234 234 234 236 236 237 239 238 241 236 238 236 237
 225 226 226 224 229 230 227 232 232 228 232 231 238 232 231 228
 231 235 232 231 233 230 230 234 236 233 237 233 234 235 236 238
 232 236 232 231 237 236 236 238 237 236 238 239 238 237 239 241
 235 234 237 237 240 238 239 238 238 240 241 239 238 240 241 239
 232 227 229 226 232 226 238 241 238 239 241 237 240 240 239 234
 234 130 123 103  93  98 184 241 239 239 239 242 241 242 243 242
 236 128 213 176 169 169 183 241 243 177 148 138 143 140 218 243
 234 131 215 175 170 174 186 243 247 216 196 200 197 201 235 240
 238 181 228 224 221 207 214 242 245 155 121 113 114 111 211 239
 238 240 161  98 115 192 243 242 243 243 244 217 117 146 236 246
 237 172 135 229 219 116 219 246 245 244 171 104 209 248 248 249
 236 133 214 243 243 171 191 245 244 143  65 122 137 135 224 249
 238 180 139 240 234  95 224 249 247 228 223 221 227 226 248 250
 243 240 144 103 104 175 249 249 251 249 249 248 252 252 252 249
 239 244 246 247 247 249 253 252 249 252 252 250 251 251 250 245
 233 242 243 244 250 248 253 251 248 254 253 254 252 252 249 248

