 227 235 233 232 230 236 234 239 234 233 237 240 239 236 240 241
 236 227 230 235 231 233 217 202 232 237 227 197 242 242 240 241
 241 234 233 234 236 236 195 140 235 238 203 130 243 240 241 247
 237 242 233 232 241 239 197 141 237 244 202 145 244 243 242 243
 243 243 239 233 235 231 195 148 244 242 193 158 250 243 245 246
 241 242 238 234 231 231 188 137 226 216 207 149 253 246 245 248
 247 248 237 238 238 238 216 133 143 167 223 193 249 246 250 248
 232 237 233 233 234 241 243 242 246 245 243 243 249 241 250 250
 238 243 238 236 241 237 241 241 244 251 244 239 248 249 251 253
 238 235 242 241 237 219 165 195 245 248 222 169 192 249 252 250
 243 239 233 240 203  98 186 147 177 206 112 187 143 142 246 245
 251 244 244 248 143 209 241 230 219 147 215 254 246 104 230 252
 244 237 239 243 142 210 211 136 121 142 212 253 248  99 223 250
 247 242 246 245 210 112 197 189 134 205 116 208 165 117 252 252
 248 245 249 248 246 213 169 180 232 252 214 162 182 238 249 251
 248 242 245 254 250 248 252 250 250 248 253 244 244 245 245 253
 221 229 227 231 231 229 230 234 236 236 236 241 235 238 241 237
 224 226 232 234 234 232 218 201 235 236 223 200 239 239 238 240
 224 229 231 231 231 231 194 130 232 234 197 129 236 238 241 240
 226 228 231 234 233 233 192 138 233 234 191 135 239 239 241 239
 228 230 228 232 233 233 187 138 233 236 190 140 238 239 240 238
 227 231 232 231 231 234 187 128 209 209 197 140 239 239 240 239
 232 231 233 233 230 234 208 127 129 155 207 181 238 239 240 242
 232 234 233 231 232 235 232 231 235 239 238 237 239 238 238 243
 226 234 234 233 233 235 232 234 236 238 238 238 236 237 240 239
 229 234 231 232 234 213 162 183 233 235 214 163 182 235 241 241
 230 232 232 232 195  94 173 134 160 196  91 175 135 130 242 242
 228 230 233 232 131 193 232 226 210 132 198 235 238  95 221 241
 226 233 234 234 127 198 201 120 116 131 198 236 236  90 215 241
 230 233 235 233 194 106 192 175 116 189 107 196 155 108 239 243
 233 233 234 235 231 203 149 157 219 235 203 156 168 228 239 239
 229 234 234 235 233 235 233 237 239 233 239 236 237 243 239 240
 235 247 243 246 245 247 245 250 250 253 253 252 251 254 254 253
 245 243 247 249 249 245 234 215 251 253 242 216 254 255 254 254
 239 240 248 246 249 253 208 147 254 253 212 146 254 254 254 253
 243 242 243 249 248 248 207 151 250 253 206 147 249 252 254 254
 244 243 248 249 245 250 198 151 252 251 199 147 252 254 254 253
 245 246 247 247 246 252 200 141 221 219 213 152 253 253 254 253
 246 244 242 246 245 248 221 142 140 172 226 196 250 253 254 253
 242 244 244 248 248 250 247 249 250 254 252 247 250 254 254 254
 238 242 242 243 243 242 247 249 245 250 252 248 250 253 252 252
 234 238 242 245 245 220 171 193 250 251 222 171 190 246 254 254
 236 237 240 241 205 100 182 145 173 204 101 184 142 139 253 253
 240 243 241 240 139 202 238 231 216 136 205 248 247 102 229 254
 239 244 240 243 133 205 212 127 120 139 210 249 245  93 227 253
 241 239 243 247 205 107 194 178 127 205 114 204 158 102 247 254
 237 237 237 240 239 210 154 163 228 248 209 162 174 232 246 250
 243 240 237 241 241 241 240 245 246 237 238 237 241 245 245 245

 241 241 247 243 246 248 248 250 253 250 245 252 250 252 251 253
 240 240 241 242 245 245 250 250 251 252 246 230 223 252 249 245
 236 242 240 243 243 246 246 241 249 249 142 104  99 117 238 245
 239 242 243 244 250 253 249 249 248 192 143 246 248 165 182 244
 240 197 130 145 158 149 193 243 239 169 187 254 253 208 162 244
 237 227 203 202 193 207 223 243 244 222 112 215 212 116 214 253
 233 237 238 244 242 216 167 245 251 248 206 147 142 205 252 248
 234 232 235 237 244 226 143 246 244 245 177 219 121 134 232 250
 239 202 140 141 148 137 133 242 241 195 147 230 136 189 180 250
 234 217 195 197 195 188 216 243 241 165 186 241 211 197 169 252
 236 233 236 239 231 231 238 241 237 219  98 209 210 112 213 248
 230 231 236 241 235 231 238 234 241 237 203 143 142 210 246 250
 232 235 234 232 233 234 238 233 236 241 240 248 243 245 248 254
 233 230 233 233 239 238 237 233 238 242 233 244 239 246 249 245
 235 227 234 242 243 242 248 237 243 235 239 244 237 242 245 242
 227 236 241 237 243 241 247 232 238 238 243 251 244 247 248 248
 237 240 240 239 238 239 242 243 239 241 242 241 241 243 239 240
 241 238 241 241 240 240 240 238 240 241 242 221 215 239 239 239
 238 239 238 239 239 239 239 238 237 235 130  95  90 108 228 243
 235 239 236 239 238 239 238 239 236 182 135 238 236 155 168 237
 241 200 129 135 140 140 181 237 238 163 175 235 236 196 156 236
 236 223 197 191 190 197 207 238 238 214  91 198 198 107 203 239
 236 236 234 234 236 209 155 239 238 235 196 132 131 189 235 233
 236 235 232 233 233 209 129 235 236 233 160 210 116 116 219 239
 234 201 130 138 138 128 127 231 234 183 134 226 120 175 157 237
 230 218 194 192 187 187 208 232 232 162 173 232 201 192 149 233
 229 232 231 233 233 234 234 235 235 213  94 193 198 106 203 235
 231 234 231 233 233 231 230 232 233 234 195 131 127 194 231 233
 231 234 231 234 232 231 233 231 233 232 232 232 234 233 235 235
 227 232 231 231 228 232 233 233 234 231 232 233 234 235 234 234
 229 226 229 228 230 231 231 234 234 234 232 230 233 233 233 234
 221 224 224 226 228 227 232 232 226 229 230 228 226 230 233 229
 253 254 253 254 253 253 253 254 252 254 253 254 253 254 250 245
 254 254 254 254 254 254 254 254 252 254 253 229 227 247 246 245
 254 255 254 252 254 253 253 254 253 246 139 102  93 102 232 245
 251 254 254 249 252 253 250 250 250 190 142 247 245 158 174 241
 252 216 146 147 147 152 196 247 248 171 184 248 249 204 162 237
 253 242 212 206 199 213 226 252 252 222 101 205 210 114 209 238
 253 253 253 253 251 219 172 254 250 251 204 136 139 205 248 237
 250 251 254 250 252 221 140 250 245 250 173 216 120 127 228 246
 250 215 147 151 151 141 142 249 249 193 145 231 127 178 163 245
 245 234 208 207 198 200 221 247 247 171 182 238 212 194 154 240
 247 245 253 248 250 252 248 250 242 220 100 202 205 107 210 241
 245 249 249 248 245 246 245 248 243 245 205 139 133 205 239 241
 246 249 246 249 249 247 246 248 243 245 241 240 243 247 240 241
 243 247 248 243 248 247 242 244 242 242 240 241 240 243 237 237
 247 243 240 242 243 246 244 244 242 238 237 243 244 239 237 240
 235 245 239 243 244 245 246 242 238 234 236 240 239 241 237 243

 253 245 245 244 244 253 248 250 250 252 248 250 254 245 242 248
 251 249 238 182 162 214 252 232 180 169 213 246 248 249 245 248
 252 252 117 165 208 116 205 134 189 197 112 210 245 246 242 247
 250 223  99 248 253 212 142 121 136 211 210 142 243 239 237 244
 252 230 104 246 254 215 147 219 230 241 209 143 248 244 244 251
 245 246 142 143 187 112 206 177 147 186  98 203 240 233 239 243
 250 252 249 192 169 222 248 245 195 165 219 237 241 242 235 238
 253 251 249 248 239 244 251 244 241 241 237 241 236 238 243 238
 250 250 241 249 243 243 245 246 242 243 241 234 233 233 237 232
 248 250 246 249 193 223 167 143 133 216 238 238 238 237 248 247
 248 245 246 253 149 207 216 226 137 188 231 231 234 238 242 241
 246 245 243 250 158 193 242 244 148 195 231 235 233 239 243 243
 243 242 243 244 145 202 244 237 141 197 239 241 232 233 242 237
 247 241 240 243 130 203 238 235 140 195 236 236 234 233 234 241
 241 240 242 242 197 227 237 232 202 217 233 231 235 230 227 236
 241 240 236 239 240 237 233 234 239 234 236 230 232 233 235 227
 240 239 243 237 236 239 233 239 237 233 235 233 235 234 234 229
 239 239 228 168 156 203 235 219 157 149 203 231 235 234 233 233
 243 239 108 155 196 107 189 116 175 192 106 194 233 235 233 230
 241 215  90 236 236 198 131 116 120 201 198 127 234 234 233 226
 241 221  95 238 235 198 132 210 226 232 193 131 232 233 230 228
 242 242 130 135 175  91 196 160 134 173  94 195 232 232 232 230
 241 241 235 182 163 214 235 233 183 162 213 234 232 231 234 229
 239 240 237 236 238 238 238 236 234 232 235 233 233 234 234 226
 243 238 238 239 237 238 239 235 231 232 235 232 231 233 234 232
 242 240 239 238 181 207 155 129 127 208 234 230 233 233 231 232
 239 240 239 239 140 197 209 209 128 187 234 231 231 232 231 227
 238 240 239 238 140 190 236 233 138 187 233 233 232 228 230 228
 239 241 239 239 135 191 234 233 138 192 233 233 234 231 228 226
 240 241 238 236 129 197 234 232 130 194 231 231 231 231 229 224
 240 238 239 239 200 223 236 235 201 218 232 234 234 232 226 224
 237 241 238 235 241 236 236 236 234 230 229 231 231 227 229 221
 245 245 245 241 237 238 237 246 245 240 241 241 241 237 240 243
 250 246 232 174 162 209 248 228 163 154 210 239 240 237 237 237
 254 247 102 158 204 114 205 127 178 194 107 205 247 243 239 241
 253 227  93 245 249 210 139 120 127 212 205 133 243 240 244 239
 254 229 102 247 248 205 136 216 231 238 202 139 240 241 243 240
 253 253 139 142 184 101 204 173 145 182 100 205 241 240 237 236
 254 254 246 190 171 222 251 250 193 171 220 245 245 242 238 234
 252 252 253 250 248 252 250 245 249 247 242 243 243 242 242 238
 254 254 254 250 247 252 254 250 249 247 250 248 248 244 244 242
 253 254 253 250 196 226 172 140 142 221 248 245 246 242 244 246
 253 254 253 253 152 213 219 221 141 200 252 246 247 247 246 245
 253 254 254 252 147 199 251 252 151 198 250 245 249 248 243 244
 254 254 252 249 147 206 253 250 151 207 248 248 249 243 242 243
 253 254 254 254 146 212 253 254 147 208 253 249 246 248 240 239
 254 254 255 254 216 242 253 251 215 234 245 249 249 247 243 245
 253 254 254 251 252 253 253 250 250 245 247 245 246 243 247 235

 248 248 247 244 251 243 238 238 232 247 241 243 237 241 236 227
 242 245 242 237 244 239 235 243 237 248 242 243 242 234 227 235
 245 249 246 239 244 233 242 238 233 237 238 239 233 233 230 233
 254 248 245 243 248 240 241 236 233 238 234 233 232 234 235 232
 250 246 210 142 143 203 237 241 234 238 231 235 241 236 231 230
 248 213 112 210 209  98 219 237 241 238 231 231 239 236 233 236
 252 169 197 211 241 186 165 241 243 216 188 195 197 195 217 234
 250 180 189 136 230 147 195 241 242 133 137 148 141 140 202 239
 250 232 134 121 219 177 245 244 246 143 226 244 237 235 232 234
 248 252 205 142 147 206 248 251 245 167 216 242 244 238 237 233
 253 214 116 212 215 112 222 244 243 223 207 193 202 203 227 237
 244 162 208 253 254 187 169 239 243 193 149 158 145 130 197 240
 244 182 165 248 246 143 192 248 249 249 253 250 244 243 242 239
 245 238 117  99 104 142 249 249 241 246 246 243 243 240 242 236
 245 249 252 223 230 246 252 251 250 250 245 245 242 241 240 240
 253 251 252 250 252 245 250 253 250 248 248 246 243 247 241 241
 229 233 230 226 228 230 229 226 232 232 227 228 226 224 224 221
 234 233 233 233 230 232 234 234 234 231 231 230 228 229 226 229
 234 234 235 234 233 232 231 234 233 233 232 228 231 231 232 227
 235 235 233 234 232 232 232 233 231 233 231 232 234 231 234 231
 233 231 194 127 131 195 234 233 232 230 231 233 233 231 234 231
 235 203 106 198 193  94 213 235 235 234 234 233 233 231 232 229
 233 149 192 201 232 173 162 232 232 208 187 187 192 194 218 230
 237 157 175 120 226 134 183 234 231 127 128 138 138 130 201 234
 239 219 116 116 210 160 233 236 235 129 209 233 233 232 235 236
 233 235 189 131 132 196 235 238 239 155 209 236 234 234 236 236
 239 203 107 198 198  91 214 238 238 207 197 190 191 197 223 236
 236 156 196 236 235 175 163 238 237 181 140 140 135 129 200 241
 237 168 155 236 238 135 182 236 239 238 239 238 239 236 239 235
 243 228 108  90  95 130 235 237 238 239 239 239 239 238 239 238
 239 239 239 215 221 242 241 240 238 240 240 240 241 241 238 241
 240 239 243 241 241 242 241 239 243 242 239 238 239 240 240 237
 243 237 241 239 240 236 234 238 242 246 245 244 243 239 245 235
 240 237 239 244 243 237 238 242 244 244 246 243 242 240 243 247
 237 237 243 240 241 240 242 242 244 242 247 248 243 248 247 243
 241 240 247 243 240 241 245 243 248 246 247 249 249 246 249 246
 241 239 205 133 139 205 245 243 248 245 246 245 248 249 249 245
 241 210 107 205 202 100 220 242 250 248 252 250 248 253 245 247
 240 154 194 212 238 182 171 247 247 221 200 198 207 208 234 245
 245 163 178 127 231 145 193 249 249 142 141 151 151 147 215 250
 246 228 127 120 216 173 250 245 250 140 221 252 250 254 251 250
 237 248 205 139 136 204 251 250 254 172 219 251 253 253 253 253
 238 209 114 210 205 101 222 252 252 226 213 199 206 212 242 253
 237 162 204 249 248 184 171 248 247 196 152 147 147 146 216 252
 241 174 158 245 247 142 190 250 250 250 253 252 249 254 254 251
 245 232 102  93 102 139 246 253 254 253 253 254 252 254 255 254
 245 246 247 227 229 253 254 252 254 254 254 254 254 254 254 254
 245 250 254 253 254 253 254 252 254 253 253 253 254 253 254 253

