 208 205 210 206 205 208 204 207 205 207 213 217 216 210 213 221
 207 209 204 205 210 199 166 208 222 223 188 149 192 215 219 227
 205 201 207 211 199  69 122  82 189 157  95 150  82 157 215 222
 212 212 213 218 189  88 170 190 202  82 208 220 198 103 216 219
 214 206 212 213 203 195 123  92 185  87 215 217 208  94 218 220
 214 205 216 217 166 115 209 140 145 116 151 203 115 151 226 220
 218 210 208 218 215 144 109 135 214 227 133 111 155 225 225 232
 213 205 216 218 220 217 225 221 214 224 222 217 216 224 222 233
 212 216 220 220 218 216 212 221 220 223 222 222 222 227 229 226
 221 223 224 216 215 193 218 221 198 212 189 226 222 228 233 226
 226 226 222 216 226 138 175 222 150 171  98 222 215 224 224 229
 220 221 222 225 225 133 189 226 158 174 106 222 223 225 231 230
 223 223 222 227 219 147 202 227 159 178 108 229 230 226 230 234
 223 224 224 221 218 172 134 210 109 198 109 206 213 221 223 229
 222 222 225 227 223 227 156 130 177 223 163 129 128 192 223 233
 221 225 228 231 223 222 230 224 220 226 231 227 225 228 232 227
 203 203 206 207 208 207 203 211 209 213 213 215 217 216 216 218
 201 202 206 206 208 198 168 200 209 212 189 145 192 215 215 220
 202 205 207 210 194  72 117  79 182 152  95 147  86 163 217 224
 207 207 210 211 187  87 173 195 202  76 203 212 186  97 217 222
 206 207 210 211 200 186 124  94 178  81 209 215 201  84 218 218
 205 208 211 211 160 109 206 138 140 117 152 193 111 146 221 217
 207 211 210 212 212 136  97 121 207 217 124 100 143 217 221 222
 207 211 214 215 214 214 211 213 216 218 216 215 217 220 222 224
 207 211 212 213 213 214 213 217 216 219 216 216 218 221 222 218
 206 213 214 213 215 185 212 217 197 204 181 215 218 221 220 220
 207 212 213 213 213 123 175 216 145 163  88 210 217 222 223 226
 208 212 214 212 213 122 175 217 144 164  93 210 220 220 224 220
 208 212 214 213 214 133 183 217 147 161  93 218 219 219 222 221
 210 212 216 214 217 154 127 204  97 183 100 194 209 219 223 221
 208 213 216 214 217 211 140 114 162 215 145 117 119 182 223 222
 208 215 216 218 215 216 218 218 215 216 217 218 218 218 222 221
 214 216 222 221 223 227 222 228 230 236 233 236 234 232 237 242
 218 224 225 227 231 222 188 217 230 233 203 163 208 232 237 239
 222 228 229 228 205  83 137  92 201 168 108 163 100 181 236 244
 224 226 230 232 206 102 191 204 219  89 218 235 207 115 235 238
 219 223 226 228 217 202 141 105 195  99 229 239 224  99 237 240
 221 228 227 229 178 118 221 150 156 130 166 213 122 159 241 239
 220 230 227 227 229 152 118 136 222 234 143 121 161 234 236 239
 228 226 230 226 228 230 230 230 230 234 233 232 233 237 238 241
 217 228 227 226 227 229 232 232 230 233 235 234 235 238 237 240
 219 227 230 228 230 200 228 230 208 220 196 231 238 241 243 238
 229 228 229 227 230 135 184 231 159 177 100 226 232 237 240 243
 223 226 227 226 233 134 189 235 161 172 102 224 236 237 238 237
 217 227 229 231 231 147 199 237 163 175 103 231 237 240 241 238
 225 225 226 229 233 172 134 211 101 199 110 205 221 233 238 240
 220 227 230 230 231 225 147 122 169 226 153 128 128 193 234 241
 215 221 225 229 226 225 227 228 227 236 229 227 227 229 233 232

 221 227 222 219 220 220 232 233 226 226 229 230 234 229 233 227
 213 219 215 216 218 226 225 222 229 233 224 231 230 223 223 232
 210 215 157 103  94 151 225 224 227 228 224 225 226 221 192 228
 216 192  82 198 208 115 155 216 222 222 215 223 230 213 128 225
 217 149 150 220 217 203 111 217 222 226 222 222 229 206 129 227
 213 188  95 208 215 151 133 222 222 189  98 106 108 109 163 231
 207 223 157  82  87 116 227 224 223 212 171 174 178 198 223 226
 205 222 189 202 185 145 214 214 220 198 150 158 159 109 177 220
 207 208  82 190  92 140 135 221 221 221 222 226 227 210 130 224
 204 166 122 170 123 209 109 225 212 218 175 189 202 134 156 230
 208 199  69  88 195 115 144 217 216 193 138 133 147 172 227 222
 205 210 199 189 203 166 215 220 218 215 226 225 219 218 223 223
 206 205 211 218 213 217 218 218 220 216 216 225 227 221 227 231
 210 204 207 213 212 216 208 216 220 224 222 222 222 224 225 228
 205 209 201 212 206 205 210 205 216 223 226 221 223 224 222 225
 208 207 205 212 214 214 218 213 212 221 226 220 223 223 222 221
 218 220 224 222 218 217 222 224 218 220 226 220 221 221 222 221
 216 215 217 217 218 221 221 222 222 220 223 224 222 223 223 222
 216 215 163  97  84 146 217 220 221 221 222 220 219 219 182 218
 217 192  86 186 201 111 143 217 218 218 217 220 219 209 119 218
 215 145 147 212 215 193 100 215 216 215 210 210 218 194 117 218
 213 189  95 203 209 152 124 216 216 181  88  93  93 100 145 217
 213 212 152  76  81 117 217 218 219 204 163 164 161 183 215 216
 209 209 182 202 178 140 207 216 216 197 145 144 147  97 162 215
 211 200  79 195  94 138 121 213 217 217 216 217 217 204 114 218
 203 168 117 173 124 206  97 211 213 212 175 175 183 127 140 218
 207 198  72  87 186 109 136 214 214 185 123 122 133 154 211 216
 208 208 194 187 200 160 212 214 213 215 213 213 214 217 217 215
 207 206 210 211 211 211 212 215 213 213 213 212 213 214 214 218
 206 206 207 210 210 211 210 214 212 214 213 214 214 216 216 216
 203 202 205 207 207 208 211 211 211 213 212 212 212 212 213 215
 203 201 202 207 206 205 207 207 207 206 207 208 208 210 208 208
 242 239 244 238 240 239 239 241 240 238 243 237 238 240 241 232
 237 237 236 235 237 241 236 238 237 243 240 238 241 238 234 233
 232 232 181 115  99 159 234 237 238 241 237 237 240 233 193 229
 234 208 100 207 224 122 161 233 235 238 232 236 237 221 128 227
 236 163 163 235 239 213 121 232 234 231 226 224 231 205 128 227
 233 203 108 218 229 166 143 233 235 196 100 102 103 110 153 229
 236 233 168  89  99 130 234 234 233 220 177 172 175 199 226 236
 230 230 201 219 195 156 222 230 230 208 159 161 163 101 169 227
 228 217  92 204 105 150 136 230 232 230 231 235 237 211 122 228
 222 188 137 191 141 221 118 230 232 228 184 189 199 134 147 227
 227 222  83 102 202 118 152 230 229 200 135 134 147 172 225 225
 223 231 205 206 217 178 229 228 227 230 230 233 231 233 231 226
 221 227 228 232 228 229 227 226 226 228 227 226 231 229 230 229
 222 225 229 230 226 227 227 230 227 230 229 227 229 226 230 225
 216 224 228 226 223 228 230 226 228 227 228 226 227 225 227 221
 214 218 222 224 219 221 220 228 217 219 229 223 217 225 220 215

 227 232 228 225 227 231 226 220 224 230 222 223 231 228 225 221
 233 223 192 128 129 163 223 177 130 156 227 223 227 225 222 222
 229 223 221 213 206 109 198 109 210 134 172 218 221 224 224 223
 234 230 226 230 229 108 178 159 227 202 147 219 227 222 223 223
 230 231 225 223 222 106 174 158 226 189 133 225 225 222 221 220
 229 224 224 215 222  98 171 150 222 175 138 226 216 222 226 226
 226 233 228 222 226 189 212 198 221 218 193 215 216 224 223 221
 226 229 227 222 222 222 223 220 221 212 216 218 220 220 216 212
 233 222 224 216 217 222 224 214 221 225 217 220 218 216 205 213
 232 225 225 155 111 133 227 214 135 109 144 215 218 208 210 218
 220 226 151 115 203 151 116 145 140 209 115 166 217 216 205 214
 220 218  94 208 217 215  87 185  92 123 195 203 213 212 206 214
 219 216 103 198 220 208  82 202 190 170  88 189 218 213 212 212
 222 215 157  82 150  95 157 189  82 122  69 199 211 207 201 205
 227 219 215 192 149 188 223 222 208 166 199 210 205 204 209 207
 221 213 210 216 217 213 207 205 207 204 208 205 206 210 205 208
 221 222 218 218 218 217 216 215 218 218 216 215 218 216 215 208
 222 223 182 119 117 145 215 162 114 140 211 217 214 216 213 208
 221 223 219 209 194 100 183  97 204 127 154 217 214 216 212 210
 221 222 219 219 218  93 161 147 217 183 133 214 213 214 212 208
 220 224 220 220 210  93 164 144 217 175 122 213 212 214 212 208
 226 223 222 217 210  88 163 145 216 175 123 213 213 213 212 207
 220 220 221 218 215 181 204 197 217 212 185 215 213 214 213 206
 218 222 221 218 216 216 219 216 217 213 214 213 213 212 211 207
 224 222 220 217 215 216 218 216 213 211 214 214 215 214 211 207
 222 221 217 143 100 124 217 207 121  97 136 212 212 210 211 207
 217 221 146 111 193 152 117 140 138 206 109 160 211 211 208 205
 218 218  84 201 215 209  81 178  94 124 186 200 211 210 207 206
 222 217  97 186 212 203  76 202 195 173  87 187 211 210 207 207
 224 217 163  86 147  95 152 182  79 117  72 194 210 207 205 202
 220 215 215 192 145 189 212 209 200 168 198 208 206 206 202 201
 218 216 216 217 215 213 213 209 211 203 207 208 207 206 203 203
 232 233 229 227 227 229 236 227 228 227 225 226 229 225 221 215
 241 234 193 128 128 153 226 169 122 147 225 231 230 230 227 220
 240 238 233 221 205 110 199 101 211 134 172 233 229 226 225 225
 238 241 240 237 231 103 175 163 237 199 147 231 231 229 227 217
 237 238 237 236 224 102 172 161 235 189 134 233 226 227 226 223
 243 240 237 232 226 100 177 159 231 184 135 230 227 229 228 229
 238 243 241 238 231 196 220 208 230 228 200 230 228 230 227 219
 240 237 238 235 234 235 233 230 232 232 229 227 226 227 228 217
 241 238 237 233 232 233 234 230 230 230 230 228 226 230 226 228
 239 236 234 161 121 143 234 222 136 118 152 229 227 227 230 220
 239 241 159 122 213 166 130 156 150 221 118 178 229 227 228 221
 240 237  99 224 239 229  99 195 105 141 202 217 228 226 223 219
 238 235 115 207 235 218  89 219 204 191 102 206 232 230 226 224
 244 236 181 100 163 108 168 201  92 137  83 205 228 229 228 222
 239 237 232 208 163 203 233 230 217 188 222 231 227 225 224 218
 242 237 232 234 236 233 236 230 228 222 227 223 221 222 216 214

 221 222 223 223 220 226 221 212 213 218 214 214 212 205 207 208
 225 222 224 223 221 226 223 216 205 210 205 206 212 201 209 205
 228 225 224 222 222 222 224 220 216 208 216 212 213 207 204 210
 231 227 221 227 225 216 216 220 218 218 217 213 218 211 205 206
 223 223 218 219 225 226 215 218 220 215 166 203 189 199 210 205
 222 227 172 147 133 138 193 216 217 144 115 195  88  69 199 208
 230 156 134 202 189 175 218 212 225 109 209 123 170 122 166 204
 224 130 210 227 226 222 221 221 221 135 140  92 190  82 208 207
 220 177 109 159 158 150 198 220 214 214 145 185 202 189 222 205
 226 223 198 178 174 171 212 223 224 227 116  87  82 157 223 207
 231 163 109 108 106  98 189 222 222 133 151 215 208  95 188 213
 227 129 206 229 222 222 226 222 217 111 203 217 220 150 149 217
 225 128 213 230 223 215 222 222 216 155 115 208 198  82 192 216
 228 192 221 226 225 224 228 227 224 225 151  94 103 157 215 210
 232 223 223 230 231 224 233 229 222 225 226 218 216 215 219 213
 227 233 229 234 230 229 226 226 233 232 220 220 219 222 227 221
 208 208 210 208 208 207 206 207 207 207 205 206 207 202 201 203
 215 213 212 212 212 212 213 211 211 211 208 207 207 205 202 203
 216 216 216 214 214 213 214 212 214 210 211 210 210 207 206 206
 218 214 214 213 212 213 213 213 215 212 211 211 211 210 206 207
 215 217 217 214 213 213 215 213 214 212 160 200 187 194 208 208
 216 211 154 133 122 123 185 214 214 136 109 186  87  72 198 207
 218 140 127 183 175 175 212 213 211  97 206 124 173 117 168 203
 218 114 204 217 217 216 217 217 213 121 138  94 195  79 200 211
 215 162  97 147 144 145 197 216 216 207 140 178 202 182 209 209
 216 215 183 161 164 163 204 219 218 217 117  81  76 152 212 213
 217 145 100  93  93  88 181 216 216 124 152 209 203  95 189 213
 218 117 194 218 210 210 215 216 215 100 193 215 212 147 145 215
 218 119 209 219 220 217 218 218 217 143 111 201 186  86 192 217
 218 182 219 219 220 222 221 221 220 217 146  84  97 163 215 216
 222 223 223 222 224 223 220 222 222 221 221 218 217 217 215 216
 221 222 221 221 220 226 220 218 224 222 217 218 222 224 220 218
 215 220 225 217 223 229 219 217 228 220 221 219 224 222 218 214
 221 227 225 227 226 228 227 228 226 230 228 223 226 228 224 216
 225 230 226 229 227 229 230 227 230 227 227 226 230 229 225 222
 229 230 229 231 226 227 228 226 226 227 229 228 232 228 227 221
 226 231 233 231 233 230 230 227 228 229 178 217 206 205 231 223
 225 225 172 147 134 135 200 229 230 152 118 202 102  83 222 227
 227 147 134 199 189 184 228 232 230 118 221 141 191 137 188 222
 228 122 211 237 235 231 230 232 230 136 150 105 204  92 217 228
 227 169 101 163 161 159 208 230 230 222 156 195 219 201 230 230
 236 226 199 175 172 177 220 233 234 234 130  99  89 168 233 236
 229 153 110 103 102 100 196 235 233 143 166 229 218 108 203 233
 227 128 205 231 224 226 231 234 232 121 213 239 235 163 163 236
 227 128 221 237 236 232 238 235 233 161 122 224 207 100 208 234
 229 193 233 240 237 237 241 238 237 234 159  99 115 181 232 232
 233 234 238 241 238 240 243 237 238 236 241 237 235 236 237 237
 232 241 240 238 237 243 238 240 241 239 239 240 238 244 239 242

