 186 176 170 166 168 168 171 174 175 179 179 172 167 172 178 175
 179 172 169 172 164 144 143 144 154 171 175 142 172 173 172 181
 177 174 177 174 148  98  55 101 134 124  79 110  77 163 174 183
 169 176 172 165 166 171  73 179 173  69 168 167 131 105 176 174
 173 174 175 173 170 176  68 175 176  72 174 170 153  86 175 180
 173 177 180 177 176 177  81 181 175  77 140 170  97 130 174 183
 179 180 173 177 179 178 109 174 171 172 101  98 131 181 182 191
 180 176 172 180 185 178 174 174 175 177 182 184 180 182 182 187
 177 172 178 183 181 176 173 177 177 175 179 183 181 180 181 181
 182 184 184 183 182 151 177 180 178 172 154 164 186 181 181 186
 186 178 172 183 187  80 179 177 180 118 115 109  73 176 178 179
 187 173 170 184 188  77 176 169 170  90 182 174 126 138 174 179
 188 176 178 185 183  76 179 174 164  99 178 173 143 127 183 183
 186 181 184 181 183  83 179 175 176  94 151 172  96 163 185 189
 182 177 176 180 183 113 118 108 162 165 124 114 143 180 185 186
 187 180 182 180 183 186 183 181 181 186 189 177 171 175 184 187
 179 168 169 170 165 164 170 175 175 175 172 175 176 174 178 175
 174 171 171 171 162 142 140 145 159 173 169 139 168 172 171 176
 174 171 173 173 150  97  49  97 137 120  68 101  70 159 171 179
 168 172 173 174 172 177  67 172 168  61 168 172 133 100 173 173
 174 174 174 174 171 175  61 171 171  66 176 172 154  81 172 175
 171 169 173 173 174 173  76 178 173  73 141 169  89 126 173 176
 172 172 173 173 172 174 102 171 173 169  94  83 120 173 172 178
 174 172 173 173 173 171 170 175 173 172 173 174 171 173 172 176
 174 173 175 174 174 173 175 175 174 173 172 173 172 173 173 172
 175 173 175 177 175 145 173 173 174 175 146 151 171 172 172 175
 175 172 176 176 173  69 174 174 174 103  98  98  61 167 173 175
 175 173 174 173 175  70 175 173 164  74 176 174 111 125 172 176
 178 173 173 177 177  69 177 175 158  91 176 172 130 111 173 170
 174 174 175 175 178  75 173 168 169  86 138 165  86 149 172 175
 174 175 176 176 174  98 101  97 155 154 104  99 140 175 175 178
 177 176 177 175 176 176 176 177 174 172 174 175 177 176 178 181
 193 190 190 189 182 182 188 191 190 194 190 190 192 191 193 191
 191 189 186 187 179 158 153 159 180 192 186 154 186 193 192 194
 190 188 190 190 170 113  61 114 158 134  82 122  86 177 194 199
 188 194 191 191 194 197  82 190 189  73 185 191 148 116 195 191
 188 191 191 194 193 196  80 191 194  80 195 191 165  95 192 195
 191 189 193 193 192 191  90 198 193  86 153 184 104 142 193 194
 190 195 193 190 189 190 117 190 192 188 107 101 137 190 190 196
 190 190 190 190 192 195 195 192 187 189 193 196 193 192 190 190
 186 188 193 193 194 192 192 189 190 189 191 193 192 191 189 186
 187 190 192 192 188 159 193 196 193 189 160 162 188 191 192 198
 188 187 191 192 194  86 195 197 195 117 113 113  75 181 194 193
 191 189 189 196 196  82 191 195 184  86 192 193 127 139 192 190
 194 186 191 199 196  82 190 193 174 103 191 191 144 124 193 186
 188 188 194 194 196  90 188 181 188 102 151 179  95 162 192 191
 184 188 190 192 189 115 121 109 172 174 115 109 153 192 194 194
 186 186 189 191 190 192 193 192 190 187 187 187 186 184 190 194

 175 181 183 174 180 183 191 187 181 186 179 179 183 189 186 187
 178 172 174 176 175 174 182 182 181 181 178 174 183 185 185 184
 172 173 163 105  86 130 181 182 180 181 176 138 127 163 180 175
 167 172  77 131 153  97 131 180 181 186  73 126 143  96 143 171
 172 142 110 167 170 170  98 184 183 164 109 174 173 172 114 177
 179 175  79 168 174 140 101 182 179 154 115 182 178 151 124 189
 179 171 124  69  72  77 172 177 175 172 118  90  99  94 165 186
 175 154 134 173 176 175 171 175 177 178 180 170 164 176 162 181
 174 144 101 179 175 181 174 174 177 180 177 169 174 175 108 181
 171 143  55  73  68  81 109 174 173 177 179 176 179 179 118 183
 168 144  98 171 176 177 178 178 176 151  80  77  76  83 113 186
 168 164 148 166 170 176 179 185 181 182 187 188 183 183 183 183
 166 172 174 165 173 177 177 180 183 183 183 184 185 181 180 180
 170 169 177 172 175 180 173 172 178 184 172 170 178 184 176 182
 176 172 174 176 174 177 180 176 172 184 178 173 176 181 177 180
 186 179 177 169 173 173 179 180 177 182 186 187 188 186 182 187
 175 176 179 173 175 176 178 176 172 175 175 176 170 175 178 181
 178 171 171 173 172 173 172 172 173 172 173 172 173 172 175 178
 174 172 159 100  81 126 173 173 173 172 167 125 111 149 175 176
 176 168  70 133 154  89 120 171 172 171  61 111 130  86 140 177
 175 139 101 172 172 169  83 174 173 151  98 174 172 165  99 175
 172 169  68 168 176 141  94 173 172 146  98 176 176 138 104 174
 175 173 120  61  66  73 169 172 173 175 103  74  91  86 154 172
 175 159 137 168 171 173 173 173 174 174 174 164 158 169 155 174
 175 145  97 172 171 178 171 175 175 173 174 173 175 168  97 177
 170 140  49  67  61  76 102 170 175 173 174 175 177 173 101 176
 164 142  97 177 175 173 174 171 173 145  69  70  69  75  98 176
 165 162 150 172 171 174 172 173 174 175 173 175 177 178 174 176
 170 171 173 174 174 173 173 173 174 177 176 173 177 175 176 175
 169 171 173 173 174 173 173 173 175 175 176 174 173 175 176 177
 168 171 171 172 174 169 172 172 173 173 172 173 173 174 175 176
 179 174 174 168 174 171 172 174 174 175 175 175 178 174 174 177
 191 194 199 191 195 194 196 190 186 198 193 190 186 191 194 194
 193 192 194 195 192 193 190 190 189 192 194 192 193 192 194 190
 191 193 177 116  95 142 190 192 191 191 181 139 124 162 192 184
 192 186  86 148 165 104 137 193 192 188  75 127 144  95 153 186
 190 154 122 191 191 184 101 196 193 162 113 193 191 179 109 187
 190 186  82 185 195 153 107 193 191 160 113 192 191 151 115 187
 194 192 134  73  80  86 188 189 189 189 117  86 103 102 174 187
 190 180 158 189 194 193 192 187 190 193 195 184 174 188 172 190
 191 159 114 190 191 198 190 192 189 196 197 195 193 181 109 192
 188 153  61  82  80  90 117 195 192 193 195 191 190 188 121 193
 182 158 113 197 196 191 190 195 192 159  86  82  82  90 115 192
 182 179 170 194 193 192 189 192 194 188 194 196 196 196 189 190
 189 187 190 191 194 193 190 190 193 192 192 196 199 194 192 191
 190 186 190 191 191 193 193 190 193 192 191 189 191 194 190 189
 190 189 188 194 191 189 195 190 188 190 187 189 186 188 188 186
 193 191 190 188 188 191 190 190 186 187 188 191 194 188 184 186

 187 184 175 171 177 189 186 181 181 183 186 183 180 182 180 187
 186 185 180 143 114 124 165 162 108 118 113 183 180 176 177 182
 189 185 163  96 172 151  94 176 175 179  83 183 181 184 181 186
 183 183 127 143 173 178  99 164 174 179  76 183 185 178 176 188
 179 174 138 126 174 182  90 170 169 176  77 188 184 170 173 187
 179 178 176  73 109 115 118 180 177 179  80 187 183 172 178 186
 186 181 181 186 164 154 172 178 180 177 151 182 183 184 184 182
 181 181 180 181 183 179 175 177 177 173 176 181 183 178 172 177
 187 182 182 180 184 182 177 175 174 174 178 185 180 172 176 180
 191 182 181 131  98 101 172 171 174 109 178 179 177 173 180 179
 183 174 130  97 170 140  77 175 181  81 177 176 177 180 177 173
 180 175  86 153 170 174  72 176 175  68 176 170 173 175 174 173
 174 176 105 131 167 168  69 173 179  73 171 166 165 172 176 169
 183 174 163  77 110  79 124 134 101  55  98 148 174 177 174 177
 181 172 173 172 142 175 171 154 144 143 144 164 172 169 172 179
 175 178 172 167 172 179 179 175 174 171 168 168 166 170 176 186
 181 178 176 177 175 174 172 174 177 176 176 176 175 177 176 177
 178 175 175 140  99 104 154 155  97 101  98 174 176 176 175 174
 175 172 149  86 165 138  86 169 168 173  75 178 175 175 174 174
 170 173 111 130 172 176  91 158 175 177  69 177 177 173 173 178
 176 172 125 111 174 176  74 164 173 175  70 175 173 174 173 175
 175 173 167  61  98  98 103 174 174 174  69 173 176 176 172 175
 175 172 172 171 151 146 175 174 173 173 145 175 177 175 173 175
 172 173 173 172 173 172 173 174 175 175 173 174 174 175 173 174
 176 172 173 171 174 173 172 173 175 170 171 173 173 173 172 174
 178 172 173 120  83  94 169 173 171 102 174 172 173 173 172 172
 176 173 126  89 169 141  73 173 178  76 173 174 173 173 169 171
 175 172  81 154 172 176  66 171 171  61 175 171 174 174 174 174
 173 173 100 133 172 168  61 168 172  67 177 172 174 173 172 168
 179 171 159  70 101  68 120 137  97  49  97 150 173 173 171 174
 176 171 172 168 139 169 173 159 145 140 142 162 171 171 171 174
 175 178 174 176 175 172 175 175 175 170 164 165 170 169 168 179
 194 190 184 186 187 187 187 190 192 193 192 190 191 189 186 186
 194 194 192 153 109 115 174 172 109 121 115 189 192 190 188 184
 191 192 162  95 179 151 102 188 181 188  90 196 194 194 188 188
 186 193 124 144 191 191 103 174 193 190  82 196 199 191 186 194
 190 192 139 127 193 192  86 184 195 191  82 196 196 189 189 191
 193 194 181  75 113 113 117 195 197 195  86 194 192 191 187 188
 198 192 191 188 162 160 189 193 196 193 159 188 192 192 190 187
 186 189 191 192 193 191 189 190 189 192 192 194 193 193 188 186
 190 190 192 193 196 193 189 187 192 195 195 192 190 190 190 190
 196 190 190 137 101 107 188 192 190 117 190 189 190 193 195 190
 194 193 142 104 184 153  86 193 198  90 191 192 193 193 189 191
 195 192  95 165 191 195  80 194 191  80 196 193 194 191 191 188
 191 195 116 148 191 185  73 189 190  82 197 194 191 191 194 188
 199 194 177  86 122  82 134 158 114  61 113 170 190 190 188 190
 194 192 193 186 154 186 192 180 159 153 158 179 187 186 189 191
 191 193 191 192 190 190 194 190 191 188 182 182 189 190 190 193

 187 182 186 188 187 186 182 177 180 179 173 173 169 177 179 186
 180 177 181 176 173 178 184 172 176 180 177 174 176 174 172 176
 182 176 184 178 170 172 184 178 172 173 180 175 172 177 169 170
 180 180 181 185 184 183 183 183 180 177 177 173 165 174 172 166
 183 183 183 183 188 187 182 181 185 179 176 170 166 148 164 168
 186 113  83  76  77  80 151 176 178 178 177 176 171  98 144 168
 183 118 179 179 176 179 177 173 174 109  81  68  73  55 143 171
 181 108 175 174 169 177 180 177 174 174 181 175 179 101 144 174
 181 162 176 164 170 180 178 177 175 171 175 176 173 134 154 175
 186 165  94  99  90 118 172 175 177 172  77  72  69 124 171 179
 189 124 151 178 182 115 154 179 182 101 140 174 168  79 175 179
 177 114 172 173 174 109 164 183 184  98 170 170 167 110 142 172
 171 143  96 143 126  73 186 181 180 131  97 153 131  77 172 167
 175 180 163 127 138 176 181 180 182 181 130  86 105 163 173 172
 184 185 185 183 174 178 181 181 182 182 174 175 176 174 172 178
 187 186 189 183 179 179 186 181 187 191 183 180 174 183 181 175
 177 174 174 178 175 175 175 174 174 172 171 174 168 174 174 179
 176 175 174 173 173 172 173 173 172 172 169 174 172 171 171 168
 177 176 175 173 174 176 175 175 173 173 173 174 173 173 171 169
 175 176 175 177 173 176 177 174 173 173 173 174 174 173 171 170
 176 174 178 177 175 173 175 174 173 172 174 171 172 150 162 165
 176  98  75  69  70  69 145 173 171 174 173 175 177  97 142 164
 176 101 173 177 175 174 173 175 170 102  76  61  67  49 140 170
 177  97 168 175 173 174 173 175 175 171 178 171 172  97 145 175
 174 155 169 158 164 174 174 174 173 173 173 171 168 137 159 175
 172 154  86  91  74 103 175 173 172 169  73  66  61 120 173 175
 174 104 138 176 176  98 146 172 173  94 141 176 168  68 169 172
 175  99 165 172 174  98 151 173 174  83 169 172 172 101 139 175
 177 140  86 130 111  61 171 172 171 120  89 154 133  70 168 176
 176 175 149 111 125 167 172 173 173 173 126  81 100 159 172 174
 178 175 172 173 172 173 172 173 172 172 173 172 173 171 171 178
 181 178 175 170 176 175 175 172 176 178 176 175 173 179 176 175
 186 184 188 194 191 188 187 186 190 190 191 188 188 190 191 193
 186 188 188 186 189 187 190 188 190 195 189 191 194 188 189 190
 189 190 194 191 189 191 192 193 190 193 193 191 191 190 186 190
 191 192 194 199 196 192 192 193 190 190 193 194 191 190 187 189
 190 189 196 196 196 194 188 194 192 189 192 193 194 170 179 182
 192 115  90  82  82  86 159 192 195 190 191 196 197 113 158 182
 193 121 188 190 191 195 193 192 195 117  90  80  82  61 153 188
 192 109 181 193 195 197 196 189 192 190 198 191 190 114 159 191
 190 172 188 174 184 195 193 190 187 192 193 194 189 158 180 190
 187 174 102 103  86 117 189 189 189 188  86  80  73 134 192 194
 187 115 151 191 192 113 160 191 193 107 153 195 185  82 186 190
 187 109 179 191 193 113 162 193 196 101 184 191 191 122 154 190
 186 153  95 144 127  75 188 192 193 137 104 165 148  86 186 192
 184 192 162 124 139 181 191 191 192 190 142  95 116 177 193 191
 190 194 192 193 192 194 192 189 190 190 193 192 195 194 192 193
 194 194 191 186 190 193 198 186 190 196 194 195 191 199 194 191

